0.84659135
1.3974992
1.3976253
0.9325211
0.6201669
0.57937604
0.60063314
0.6136973
0.62558585
0.6254025
0.6333111
0.6317592
0.64495724
0.65016323
0.6537047
0.6643986
0.67320293
0.6669023
0.6678193
0.675817
0.68031514
0.70090365
0.7039662
0.70905244
0.7140526
0.70478386
0.7322323
0.7095517
0.72976273
0.7366053
0.72813773
0.726028
0.71401495
0.71169466
0.7191894
0.7114338
0.7035027
0.70118976
0.7121443
0.7058955
0.7103061
0.7152718
0.7028807
0.7045327
0.7054395
0.7084774
0.7101615
0.711887
0.711944
0.705791
0.7197734
0.7131944
0.721658
0.7182902
0.7205093
0.7189666
0.72113615
0.7107312
0.7139312
0.73395073
0.75544804
0.7203794
0.73712206
0.72962314
0.77659655
0.7445435
0.73451465
0.72504145
0.7424851
0.7269847
0.73681784
0.71335536
0.7202508
0.72937214
0.71629274
0.71381915
0.71355104
0.71062434
0.7017962
0.7226919
0.72352403
0.7201499
0.7004367
0.70198435
0.7085629
0.70136076
0.70806247
0.7189237
0.7357638
0.73212415
0.73204106
0.7378894
0.7393872
0.7428083
0.73775804
0.7360076
0.74064684
0.73926055
0.7393862
0.7400586
0.7346684
0.7243427
0.74111766
0.7318362
0.72147775
0.7173772
0.7360052
0.73791426
0.72623694
0.7161622
0.7067463
0.711738
0.7117436
0.71114224
0.7243114
0.7340579
0.72001344
0.7067984
0.7251271
0.7250198
0.7084371
0.71897435
0.73141336
0.7396705
0.73592174
0.71191776
0.7272538
0.7099825
0.7277891
0.72208375
0.7206787
0.7238107
0.7334037
0.71704435
0.73480177
0.77544683
0.73151964
0.7357047
0.7266844
0.7395684
0.7345525
0.7342905
0.7301075
0.7485705
0.7254388
0.7236773
0.7380549
0.71306
0.70954835
0.7294191
0.71592146
0.73941135
0.7298865
0.70463866
0.7456581
0.7142202
0.756175
0.73906076
0.7376717
0.7185833
0.7464435
0.7498814
0.73662436
0.72197765
0.7288348
0.73050356
0.73516476
0.7476915
0.7335347
0.73770696
0.7246312
0.7126515
0.7085119
0.71928304
0.72535735
0.69537055
0.71942025
0.7246689
0.7037501
0.7052198
0.70857257
0.7161289
0.7154185
0.7144666
0.7088169
0.7057534
0.7114649
0.72413325
0.71623963
0.71844065
0.7164676785469055
0.7169732451438904
0.7284606695175171
0.7384134531021118
0.71579909324646
0.7429940700531006
0.7268155217170715
0.7209258675575256
0.7291158437728882
0.7260599732398987
0.7091590166091919
0.7151660323143005
0.7186315059661865
0.7205231189727783
0.7110572457313538
0.7271896004676819
0.7159213423728943
0.7247007489204407
0.735256016254425
0.7184863686561584
0.7042918801307678
0.7116870880126953
0.7144311666488647
0.7198764681816101
0.705988347530365
0.7291061878204346
0.7179246544837952
0.7348484992980957
0.726594090461731
0.7309134006500244
0.7122446894645691
0.7326872944831848
0.7226167917251587
0.7197030782699585
0.7145742177963257
0.7220104336738586
0.7112529277801514
0.7318257689476013
0.7211854457855225
0.7135076522827148
0.7273581027984619
0.721534252166748
0.7297618985176086
0.7174471020698547
0.7248395681381226
0.7178130149841309
0.7218928337097168
0.7203441262245178
0.7199121117591858
0.7313187718391418
0.719221293926239
0.7326611876487732
0.7263814806938171
0.7214947938919067
0.7177465558052063
0.72706538438797
0.7531301379203796
0.7163510918617249
0.7372702956199646
0.7385599613189697
0.7273426055908203
0.7306665182113647
0.7307043075561523
0.7296735644340515
0.7269153594970703
0.7263476252555847
0.723980188369751
0.7334489226341248
0.7291783690452576
0.7371108531951904
0.7568742632865906
0.7380602955818176
0.7394133806228638
0.7360928654670715
0.7335326075553894
0.7426391839981079
0.7389143109321594
0.7355580925941467
0.7319133877754211
0.7398703098297119
0.7314267158508301
0.7267021536827087
0.7263280749320984
0.7377124428749084
0.7343106865882874
0.7263895273208618
0.7294056415557861
0.7355824708938599
0.733982503414154
0.735119640827179
0.7423357963562012
0.7334551215171814
0.7418996095657349
0.7360937595367432
0.7380338907241821
0.7371913194656372
0.7359012961387634
0.7456238269805908
0.7366161346435547
0.7426703572273254
0.7424940466880798
0.7376065850257874
0.7360957264900208
0.7433592081069946
0.743308961391449
0.7359534502029419
0.7418638467788696
0.7395062446594238
0.7415042519569397
0.7400328516960144
0.7410973906517029
0.7395771741867065
0.7418840527534485
0.7385449409484863
0.743883490562439
0.7451017498970032
0.7420088052749634
0.741884708404541
0.742290735244751
0.7415925860404968
0.7442893385887146
0.7447041273117065
0.7406721711158752
0.742891252040863
0.7425548434257507
0.7458824515342712
0.7436060905456543
0.7439403533935547
0.746735692024231
0.7441520690917969
0.745720624923706
0.748123288154602
0.7493425011634827
0.7526968717575073
0.7497546672821045
0.7545386552810669
0.7471261024475098
0.7511153221130371
0.7499437928199768
0.7497653365135193
0.749615490436554
0.7520286440849304
0.7504606246948242
0.7542437314987183
0.7521132230758667
0.7510290145874023
0.7548090815544128
0.7602431774139404
0.7530648112297058
0.7511297464370728
0.7546275854110718
0.7552701234817505
0.7519897818565369
0.7559651136398315
0.7737414836883545
0.7688718438148499
0.7635583877563477
0.757651686668396
0.7579920887947083
0.7574920058250427
0.7593300342559814
0.7783627510070801
0.7674980163574219
0.7630819082260132
0.7698616981506348
0.7641113996505737
0.767722487449646
0.7674353718757629
0.7651112079620361
0.7615941166877747
0.7627081871032715
0.7707274556159973
0.7723102569580078
0.7645649313926697
0.7576444745063782
0.7596710920333862
0.7745510935783386
0.7634645700454712
0.7654119729995728
0.7600936889648438
0.7620489001274109
0.7659066319465637
0.7694709300994873
0.7676039934158325
0.764319896697998
0.7632389664649963
0.7719101905822754
0.7706124782562256
0.7744983434677124
0.7748209238052368
0.7684778571128845
0.7713521718978882
0.7697433829307556
0.7846494913101196
0.7759634852409363
0.7704139351844788
0.7771822810173035
0.788336455821991
0.777820348739624
0.7771164774894714
0.7742213010787964
0.7740969061851501
0.7760556936264038
0.7713063955307007
0.7717757225036621
0.7733374834060669
0.7679898738861084
0.7746182680130005
0.7761917114257812
0.7651068568229675
0.7612013816833496
0.7660199999809265
0.7678831219673157
0.7654794454574585
0.7652117609977722
0.760441780090332
0.761623203754425
0.7573557496070862
0.7616138458251953
0.7621172666549683
0.7632436156272888
0.7582849264144897
0.762467622756958
0.7667277455329895
0.7642209529876709
0.7648423314094543
0.7652311325073242
0.7676989436149597
0.76882004737854
0.7671701312065125
0.7736916542053223
0.7673527002334595
0.7750731110572815
0.7705850601196289
0.771288275718689
0.774766206741333
0.7731932997703552
0.7707212567329407
0.7688091993331909
0.7745202779769897
0.7768587470054626
0.7699748873710632
0.7670693397521973
0.7683960199356079
0.769804835319519
0.7711072564125061
0.7766438722610474
0.7918252348899841
0.8050967454910278
0.775934636592865
0.7718838453292847
0.7788659930229187
0.7687495350837708
0.7688484191894531
0.7742253541946411
0.7701520323753357
0.7740800380706787
0.7856056690216064
0.8041386604309082
0.7852507829666138
0.7717552185058594
0.7728604674339294
0.7758052945137024
0.7747374176979065
0.7848315238952637
0.7840405702590942
0.7820572853088379
0.8018685579299927
0.7820335030555725
0.7895129323005676
0.7948657274246216
0.7842042446136475
0.7892859578132629
0.7821372151374817
0.7824253439903259
0.7753098607063293
0.7804735898971558
0.7992773056030273
0.7941483855247498
0.7828853726387024
0.77839195728302
0.7796473503112793
0.7706667184829712
0.7685842514038086
0.78907710313797
0.7788956761360168
0.779715359210968
0.7882071137428284
0.7848249077796936
0.7830564379692078
0.7859386801719666
0.7882022261619568
0.7757081389427185
0.7778989672660828
0.774878203868866
0.7731394171714783
0.776846170425415
0.7794885039329529
0.7854500412940979
0.7948638200759888
0.7943020462989807
0.7866950631141663
0.7801938652992249
0.7886550426483154
0.7830119729042053
0.78379225730896
0.7860202193260193
0.7865574359893799
0.7811296582221985
0.7845504879951477
0.7825764417648315
0.7876248359680176
0.7958279252052307
0.782120406627655
0.7831133604049683
0.7835900187492371
0.786177933216095
0.7948936223983765
0.7838267087936401
0.7835255861282349
0.7812983393669128
0.7740944027900696
0.7753745913505554
0.7869200110435486
0.7964500188827515
0.7858374118804932
0.7750973105430603
0.7889992594718933
0.789142370223999
0.7863643169403076
0.7891210317611694
0.7899928092956543
0.7860183119773865
0.7809208035469055
0.7842304110527039
0.7832393050193787
0.7864494323730469
0.8020917773246765
0.7944564819335938
0.7957019209861755
0.7910063862800598
0.7853670120239258
0.7931918501853943
0.7997621297836304
0.7936102151870728
0.7946134805679321
0.7902478575706482
0.7875509262084961
0.7862002849578857
0.7971072793006897
0.7992333173751831
0.7895492911338806
0.7891046404838562
0.7876668572425842
0.7846519351005554
0.8002517819404602
0.8353582620620728
0.8027831315994263
0.793558657169342
0.786148190498352
0.7842522859573364
0.7860382795333862
0.7935864329338074
0.8092693090438843
0.808334231376648
0.8040849566459656
0.7944297790527344
0.7887222170829773
0.7991024851799011
0.80640709400177
0.7991297245025635
0.7978968620300293
0.7961540222167969
0.7915984392166138
0.7933360934257507
0.805377721786499
0.800710141658783
0.7932424545288086
0.795193076133728
0.7926881909370422
0.7914261817932129
0.7952554225921631
0.7966793775558472
0.7930338978767395
0.8015070557594299
0.7988477945327759
0.7853283286094666
0.7894282341003418
0.7935082316398621
0.7917507886886597
0.7912846207618713
0.790942907333374
0.7963581085205078
0.7965720295906067
0.8039563298225403
0.7924259305000305
0.7937033772468567
0.7914673089981079
0.7926336526870728
0.7920356392860413
0.7893027663230896
0.7891538739204407
0.7904559969902039
0.7888228297233582
0.7885552048683167
0.7882157564163208
0.7897573113441467
0.7869864702224731
0.7879742383956909
0.786891520023346
0.7902358174324036
0.7901174426078796
0.7881476879119873
0.787513792514801
0.7882710695266724
0.7874343395233154
0.7908678650856018
0.7887113690376282
0.7909466624259949
0.7907467484474182
0.7890905737876892
0.7899820804595947
0.7922570109367371
0.7887099981307983
0.7925294637680054
0.7907775640487671
0.7895686626434326
0.7890380620956421
0.7903964519500732
0.791059672832489
0.7902601957321167
0.7933588624000549
0.7921137809753418
0.7944279313087463
0.7909591197967529
0.7921956777572632
0.7929720282554626
0.787901759147644
0.7888415455818176
0.7917676568031311
0.7883153557777405
0.7895289063453674
0.7887082695960999
0.7937566637992859
0.7950988411903381
0.7957775592803955
0.7949660420417786
0.7885833978652954
0.7903056740760803
0.7881513237953186
0.7882213592529297
0.788245439529419
0.7934905290603638
0.7884690165519714
0.7911754846572876
0.7897311449050903
0.7913656830787659
0.7924973368644714
0.7908347249031067
0.7947311401367188
0.7904077172279358
0.7876274585723877
0.7912000417709351
0.7914093732833862
0.7991259098052979
0.7894505262374878
0.7910764813423157
0.7933582067489624
0.7957104444503784
0.8006117343902588
0.8123210072517395
0.8030061721801758
0.809863805770874
0.8048558235168457
0.7981798648834229
0.7889449596405029
0.7867146730422974
0.7846860885620117
0.7878148555755615
0.7879369854927063
0.7924487590789795
0.7898013591766357
0.7911490797996521
0.7921682596206665
0.7894566059112549
0.7896266579627991
0.7893862128257751
0.7920910716056824
0.7949780821800232
0.7934962511062622
0.7937716245651245
0.786973237991333
0.7898351550102234
0.7909128665924072
0.7890713214874268
0.7897793650627136
0.7896021604537964
0.7871092557907104
0.7896566390991211
0.7912017107009888
0.7919924259185791
0.7855406403541565
0.7874301075935364
0.7916709780693054
0.7921275496482849
0.8163629770278931
0.8023248314857483
0.795540452003479
0.7895494699478149
0.7909092903137207
0.7939783930778503
0.7899385690689087
0.7849870920181274
0.7831932902336121
0.7866345643997192
0.7914794087409973
0.8021271824836731
0.7924141883850098
0.7893117666244507
0.7940163612365723
0.8150472044944763
0.8136386275291443
0.8007965087890625
0.7983868718147278
0.798656702041626
0.7983419299125671
0.792749285697937
0.8072603940963745
0.797754168510437
0.8021548986434937
0.8071840405464172
0.8032492399215698
0.8128417730331421
0.7996045351028442
0.8017370104789734
0.8064962029457092
0.7987146973609924
0.8064703941345215
0.8020057082176208
0.8051382899284363
0.8027358055114746
0.8025405406951904
0.7993448376655579
0.7970203757286072
0.7957018613815308
0.7940968871116638
0.791077733039856
0.7974820733070374
0.801161527633667
0.7983616590499878
0.8077178001403809
0.8013460040092468
0.8005566596984863
0.8033092021942139
0.7999907732009888
0.7995543479919434
0.7961723804473877
0.7932887673377991
0.7989939451217651
0.7979378700256348
0.7995302677154541
0.798667848110199
0.7994937300682068
0.814466118812561
0.8082404136657715
0.801817774772644
0.7966477274894714
0.8135097026824951
0.7957895994186401
0.806006133556366
0.8000691533088684
0.803450882434845
0.8012901544570923
0.8104978203773499
0.8057401776313782
0.7982063293457031
0.7979456186294556
0.8018503189086914
0.8015195727348328
0.8070158958435059
0.8000251650810242
0.8031488656997681
0.7990188002586365
0.8047064542770386
0.8044680953025818
0.8123844861984253
0.8069561719894409
0.8065458536148071
0.8003199100494385
0.8035227656364441
0.8047260046005249
0.8054438233375549
0.8080790042877197
0.8013865947723389
0.8032986521720886
0.8043755888938904
0.802915632724762
0.8098401427268982
0.7953940629959106
0.8047527074813843
0.8042982816696167
0.8068885207176208
0.8051865100860596
0.8003923296928406
0.7934989929199219
0.7933922410011292
0.7981036901473999
0.7998286485671997
0.8040962219238281
0.8043497204780579
0.8042411208152771
0.8078405857086182
0.8010028600692749
0.8004776239395142
0.7999021410942078
0.7989189028739929
0.7962197065353394
0.8016977906227112
0.801403820514679
0.8070130944252014
0.7962673902511597
0.8053531050682068
0.8181871175765991
0.8129023313522339
0.7993342876434326
0.8110503554344177
0.8124801516532898
0.8219460248947144
0.8165850639343262
0.8098265528678894
0.8172776103019714
0.8091077208518982
0.8077777028083801
0.8048364520072937
0.8073543906211853
0.802318811416626
0.8112736344337463
0.8080504536628723
0.8078446388244629
0.815441906452179
0.8048819899559021
0.8072111010551453
0.819969654083252
0.8047123551368713
0.7992410659790039
0.8010610342025757
0.806732714176178
0.7993737459182739
0.8004546165466309
0.7944758534431458
0.795067548751831
0.7990778088569641
0.8006627559661865
0.8127303123474121
0.8109315633773804
0.7987392544746399
0.8083199858665466
0.8226321935653687
0.8417080044746399
0.8001909852027893
0.7964881062507629
0.806535005569458
0.80739825963974
0.8178505301475525
0.8175185918807983
0.8159456849098206
0.7983091473579407
0.7996953129768372
0.8071299195289612
0.8107925057411194
0.8053861260414124
0.810732364654541
0.8097952604293823
0.8195356726646423
0.8129060864448547
0.7913551926612854
0.8050739169120789
0.809438169002533
0.8030727505683899
0.8095283508300781
0.8206090927124023
0.8107311725616455
0.8132849931716919
0.8152238130569458
0.8089137077331543
0.8054440021514893
0.7989165186882019
0.8005725145339966
0.8063144087791443
0.8046876788139343
0.8015493154525757
0.8052528500556946
0.7968039512634277
0.8088722229003906
0.7970535755157471
0.8015666007995605
0.8075909614562988
0.8039464950561523
0.8000401854515076
0.8074734807014465
0.8008327484130859
0.8033913969993591
0.8079690337181091
0.8076966404914856
0.82098788022995
0.8147446513175964
0.8027247190475464
0.8029696345329285
0.8012232184410095
0.8096136450767517
0.7970905900001526
0.7999603152275085
0.8041418194770813
0.7978037595748901
0.8020676374435425
0.8027634024620056
0.7989140748977661
0.8092203736305237
0.8008507490158081
0.8030328750610352
0.7980865836143494
0.7994979619979858
0.7978107929229736
0.8019188046455383
0.8008702397346497
0.8004489541053772
0.8034573793411255
0.8026710152626038
0.8041244149208069
0.8022461533546448
0.8016437888145447
0.799822211265564
0.8023000955581665
0.8030157089233398
0.8164681792259216
0.8202598094940186
0.8115648627281189
0.8462369441986084
0.8344566822052002
0.809623122215271
0.8038300275802612
0.8066350221633911
0.811565101146698
0.813672661781311
0.812415361404419
0.8141722083091736
0.8111354112625122
0.8194621205329895
0.8188275098800659
0.8156050443649292
0.8079797625541687
0.8048878908157349
0.8103776574134827
0.8089325428009033
0.8038477301597595
0.8123182058334351
0.8073822855949402
0.8095059394836426
0.8079624772071838
0.8152474761009216
0.8103384375572205
0.8071450591087341
0.8029289245605469
0.8124608397483826
0.8220397233963013
0.8162539601325989
0.8076590895652771
0.8076132535934448
0.8014241456985474
0.8125322461128235
0.8109486103057861
0.8162840008735657
0.8139235973358154
0.8288323283195496
0.8155186772346497
0.8120012879371643
0.811012327671051
0.8208456039428711
0.8183483481407166
0.8183361887931824
0.8114266991615295
0.8141554594039917
0.8103675246238708
0.811424732208252
0.8159012794494629
0.8127465844154358
0.822257936000824
0.8075233101844788
0.8092437982559204
0.8037611842155457
0.8053172826766968
0.8090700507164001
0.806398332118988
0.8102948069572449
0.8068755865097046
0.8236958384513855
0.8167943358421326
0.8113261461257935
0.8040878176689148
0.8156865835189819
0.813836932182312
0.8204585313796997
0.8100337386131287
0.8131757378578186
0.8056472539901733
0.8099086880683899
0.8241811990737915
0.8147444725036621
0.811588704586029
0.8038602471351624
0.8082430362701416
0.8122819066047668
0.8174635767936707
0.8098830580711365
0.8106704950332642
0.8150968551635742
0.8165234923362732
0.8253480195999146
0.8252444863319397
0.8083412051200867
0.8114427924156189
0.8085778951644897
0.8127105236053467
0.8151261806488037
0.8171051740646362
0.8139147758483887
0.823704719543457
0.8286504745483398
0.8249477744102478
0.8264135718345642
0.8145041465759277
0.8137418627738953
0.8092847466468811
0.8155596852302551
0.8161329627037048
0.8092963099479675
0.8232913017272949
0.811123251914978
0.8248326778411865
0.8203117847442627
0.810949981212616
0.8234428763389587
0.8072912096977234
0.8162778615951538
0.8109537959098816
0.8126232624053955
0.8118529319763184
0.8219064474105835
0.8085471987724304
0.8131800293922424
0.8245221972465515
0.8258670568466187
0.8086362481117249
0.820523738861084
0.8123642802238464
0.8245658278465271
0.8085907697677612
0.815085232257843
0.8204003572463989
0.8150043487548828
0.8169933557510376
0.8233930468559265
0.8242141008377075
0.8132540583610535
0.8114266395568848
0.8176579475402832
0.8318853378295898
0.8162167072296143
0.8194769620895386
0.8140958547592163
0.8110448718070984
0.8099991679191589
0.8156296014785767
0.826267659664154
0.8140631914138794
0.8141052722930908
0.8150272369384766
0.8172756433486938
0.8189465403556824
0.8187592625617981
0.8164657354354858
0.8159295916557312
0.8171390295028687
0.825900673866272
0.8283626437187195
0.8039398193359375
0.8193588256835938
0.8273930549621582
0.8148267269134521
0.8138732314109802
0.8150210380554199
0.820568323135376
0.8106317520141602
0.8185270428657532
0.824877917766571
0.8104795217514038
0.8211091160774231
0.8160609602928162
0.8143331408500671
0.8213181495666504
0.8172887563705444
0.8123812675476074
0.8188390731811523
0.8114314079284668
0.8196834325790405
0.8300968408584595
0.8190237283706665
0.8158477544784546
0.8161638379096985
0.8197106122970581
0.8191563487052917
0.8066627383232117
0.8182443976402283
0.8214422464370728
0.8125358819961548
0.8224818706512451
0.8173050284385681
0.8236113786697388
0.8234774470329285
0.8194109797477722
0.8152492642402649
0.8190873265266418
0.8145385384559631
0.8154096603393555
0.813014030456543
0.8152570128440857
0.8125193119049072
0.817506730556488
0.8205319046974182
0.81707364320755
0.8224877715110779
0.8114806413650513
0.8111262917518616
0.8088245987892151
0.8135281205177307
0.8186877369880676
0.8084006309509277
0.8201807141304016
0.8226662278175354
0.8235027194023132
0.8229754567146301
0.8193859457969666
0.8136526346206665
0.8182801008224487
0.8168078064918518
0.815899133682251
0.8186847567558289
0.818869948387146
0.8203768134117126
0.8227939605712891
0.821371853351593
0.8182007670402527
0.8178872466087341
0.8250223398208618
0.8221257328987122
0.8075589537620544
0.8126393556594849
0.821533203125
0.8228214383125305
0.8217672109603882
